---------------------------------RUN 1---------------------------------

		Array 2
  77  86  87  86  15  84  79  93  84  42
   9  46  67  13  46  43  35  67  73  76
   0  27  15  58  20  80  56  43  69  41
  60  41   5  25  43  62  46  23  60  98
  33  33  43  13  73  70  99  94  32  77
  31  59  76  91  15   9  78  99  45  90
  24  48  28  54  37  87  29  95   2  67
  13  57  38  90  85  34  48  33  80  28
  52  54  78  27  97  24  14  37  85  68
  74  64  38   6   8  11  15  18  36  80


		FIFO 
77  86  87  86  15  84  79  93  84  42  
 9  46  67  13  46  43  35  67  73  76  
 0  27  15  58  20  80  56  43  69  41  
60  41   5  25  43  62  46  23  60  98  
33  33  43  13  73  70  99  94  32  77  
31  59  76  91  15   9  78  99  45  90  
24  48  28  54  37  87  29  95   2  67  
13  57  38  90  85  34  48  33  80  28  
52  54  78  27  97  24  14  37  85  68  
74  64  38   6   8  11  15  18  36  80  


In Clock Cycle: 400
Out Clock Cycle: 400

---------------------------------RUN 2---------------------------------

		Array 2
  85  84  31  69  45  29  31  17  58  20
  53  41  63   8  39  67  77  55  99  26
  57  14  54  19  70  39   5   7  29  24
  24  29  25  86  61  70  72  57  76  31
  26  93  96  66   5  77  37  20  57  14
   7  65  14  63  30  29   4  14  35  47
   5   6  51  43  40   0  61  65  77  15
  13  23  64  24  98  38  94  26  97  77
  38  17  53  45  84  65  46  89  47  44
  33  97  13  96   2   9   8  27  39  96


		FIFO 
85  84  31  69  45  29  31  17  58  20  
53  41  63   8  39  67  77  55  99  26  
57  14  54  19  70  39   5   7  29  24  
24  29  25  86  61  70  72  57  76  31  
26  93  96  66   5  77  37  20  57  14  
 7  65  14  63  30  29   4  14  35  47  
 5   6  51  43  40   0  61  65  77  15  
13  23  64  24  98  38  94  26  97  77  
38  17  53  45  84  65  46  89  47  44  
33  97  13  96   2   9   8  27  39  96  


In Clock Cycle: 100
Out Clock Cycle: 100

