---------------------------------RUN 1---------------------------------

		Array 1
  30  61  52  73  38  76  13  19  75  73
  50  25  44   9  13  40  41  83  82  89
  83  68  62  26  86  82  77  43  29  73
  73  16   1  15  65  89  30  32  69   5
  83  69  64  26  20  44  42  73  46  72
  38  17  66  28  96  89  81  85  15  11
  14   1  86  58  97  85  31  35  19  70
  87  23  10  14  12  49  92  12  68  95
  71  93  44  52  79  13  76  20  78  31
   4  70   2  77  71   2  65  51  61  21


		LIFO 
73  50  25  44   9  13  40  41  83  82  
89  83  68  62  26  86  82  77  43  29  
73  73  16   1  15  65  89  30  32  69  
 5  83  69  64  26  20  44  42  73  46  
72  38  17  66  28  96  89  81  85  15  
11  14   1  86  58  97  85  31  35  19  
70  87  23  10  14  12  49  92  12  68  
95  71  93  44  52  79  13  76  20  78  
31   4  70   2  77  71   2  65  51  61  
21  75  19  13  76  38  73  52  61  30  


In Clock Cycle: 400
Out Clock Cycle: 400


---------------------------------RUN 2---------------------------------

		Array 1
  70  20  67  93   4  33  39  48  35  46
  66  70  92  74  65  30   1  23  82  86
  37   6  91  91  38  55  35  12  73  53
  45   4  45  20  37  34  35  78  65  36
  61  55   7  64  37  99  12  66  84  66
  22  24  39  23   5  88  69   1  79  83
  10  87  81  95  50  12  49  30  57  54
  21   4  87  23  25  38  19  76  44  60
  13  23  63   2  79  19  18  61  79  18
  36  11  83   9  50  15  21  82  54  31


		LIFO 
46  66  70  92  74  65  30   1  23  82  
86  37   6  91  91  38  55  35  12  73  
53  45   4  45  20  37  34  35  78  65  
36  61  55   7  64  37  99  12  66  84  
66  22  24  39  23   5  88  69   1  79  
83  10  87  81  95  50  12  49  30  57  
54  21   4  87  23  25  38  19  76  44  
60  13  23  63   2  79  19  18  61  79  
18  36  11  83   9  50  15  21  82  54  
31  35  48  39  33   4  93  67  20  70  


In Clock Cycle: 100
Out Clock Cycle: 100

