---------------------------------RUN 1---------------------------------

		Array 4
  45  93  92   4  99  11  54  69  50  33
  30   5  95  97  12  95  72  54  23  96
  63  22  93  30   1  62  78  39  12  61
  46  93  13   8  20  49  86  73  22  49
  86  62  34  38  14  15  19  61  17  15
   3  13  27  48  42  25  55  77  15  14
  81  13  54  12  17   5  27  96  73  25
  25  30  72  90  58  97   4  43  66  58
  22  82  49  41  64  21  78  28  42  33
  48  38  65  38  11  92  52  44  59   7


		Priority Array 
   1   2   2   3   2   3   1   3   2   2
   2   3   2   3   2   2   1   3   1   1
   3   3   3   2   3   2   2   3   1   3
   3   3   3   1   3   3   2   1   2   1
   3   2   3   3   2   3   1   3   1   3
   2   3   1   3   1   2   1   2   1   1
   1   3   1   3   1   1   2   1   2   2
   1   3   2   1   2   1   1   1   3   3
   3   3   1   1   1   2   3   2   2   3
   1   3   1   1   1   3   2   1   1   1


		Priority 
 45  54  72  23  96  12   8  73  49  19 
 17  27  42  55  15  14  81  54  17   5 
 96  25  90  97   4  43  49  41  64  48 
 65  38  11  44  59   7  93  92  99  50 
 33  30  95  12  95  30  62  78  86  22 
 62  14   3  25  77  27  73  25  72  58 
 21  28  42  52   4  11  69   5  97  54 
 63  22  93   1  39  61  46  93  13  20 
 49  86  34  38  15  61  15  13  48  13 
 12  30  66  58  22  82  78  33  38  92 



In Clock Cycle: 400
Out Clock Cycle: 400

---------------------------------RUN 2---------------------------------

		Array 4
  20   5  36  54  15  36  18  64  92  56
  26  64  34  24  38  80  41  78  60  51
   7   6   6  83  55  93  57  62  55  70
  22  52  65  16  69  94  64  37  87  36
  63  62  48  56   1  28   0   5  70  90
  26  94  26  26  39  37  56   5  76  46
  53  14  42  16  30  67  13  17  58  51
  63  53  76  74  82  38  40  34  29  42
  80   1  51  24  10  79  88  59  56  74
  60  60  79  60   9  27  51  69  33  53


		Priority Array 
   3   2   3   1   2   3   3   2   3   3
   3   2   2   3   3   1   3   2   2   3
   1   1   3   3   1   3   2   1   3   2
   2   2   2   3   3   2   3   2   3   1
   1   1   3   1   3   2   3   2   1   1
   2   3   3   2   2   1   3   2   3   2
   2   3   2   2   2   1   2   1   3   1
   1   2   2   2   1   3   3   3   2   1
   2   3   1   3   2   3   3   1   3   3
   1   2   3   1   1   1   1   3   1   2











		Priority 
 54  80   7   6  55  62  36  63  62  56 
 70  90  37  67  17  51  63  82  42  51 
 59  60  60   9  27  51  33   5  15  64 
 64  34  78  60  57  70  22  52  65  94 
 37  28   5  26  26  39   5  46  53  42 
 16  30  13  53  76  74  29  80  10  60 
 53  20  36  36  18  92  56  26  24  38 
 41  51   6  83  93  55  16  69  64  87 
 48   1   0  94  26  56  76  14  58  38 
 40  34   1  24  79  88  56  74  79  69 



In Clock Cycle: 100
Out Clock Cycle: 100

