---------------------------------RUN 1---------------------------------

		Array 3
  27  93  63   8  46  95  65  35  33  86
  28  99  36  58  83  19  80  97  20  73
   4  10  14  67  65  84  46  15   7  54
  28  55  10  55  76  98  61  24  25  90
  57  87  13  85  64  51  34  89  94  50
  60  56  48  31  35  25  16  85  15  81
  57  87  77  29  36  13  32  50  83  94
  29  65  37  11  39  21   9  99  83  29
  47  12  94  67   3   6  76  43  76  38
  92  20  57  20  72   5  22  56  44  77


		Sorted 
 8  27  28  33  35  36  19  46  58  20  
63   4  10  14  65  65  67  46  15   7  
54  28  55  10  55  73  76  61  24  25  
80  57  83  13  84  64  51  34  85  86  
50  60  56  48  31  35  25  16  85  15  
81  57  87  77  29  36  13  32  50  83  
87  29  65  37  11  39  21   9  89  83  
29  47  12  90  67   3   6  76  43  76  
38  92  20  57  20  72   5  22  56  44  
77  93  94  94  94  95  97  98  99  99  


In Clock Cycle: 400
Out Clock Cycle: 400

---------------------------------RUN 2---------------------------------

		Array 3
  25  22  49  20  98   6  43  97   1  75
  38  43  26  15  40   1  78  86  33  24
  92  48  67  60  50   9  62  15  33  88
  30  96  27  60  77  38  80  99  63  46
  66  51  24  92  72   2  50  62  77  55
  62  34  61  38  96  73  77  41  50  83
  12  96  12  65  25  60  26  97  98   2
  10   9  25  30  88  94  34  33  78  98
  32  30  32  92  88  74  74  99  74  69
  92  89  46  49  45  82  79   0  27  60


		Sorted 
 1   6  20  22  15  25   1  26  38  33  
24  40  43  43  48  49   9  50  15  33  
60  30  62  27  60  67  38  75  77  63  
46  66  51  24  78  72   2  50  62  77  
55  62  34  61  38  80  73  77  41  50  
83  12  86  12  65  25  60  26  88  92  
 2  10   9  25  30  88  92  34  33  78  
94  32  30  32  92  88  74  74  96  74  
69  92  89  46  49  45  82  79   0  27  
60  96  96  97  97  98  98  98  99  99  


In Clock Cycle: 100
Out Clock Cycle: 100

